0.005 0.0 0.0
0.015 0.0 0.0
0.025 0.0 0.0
0.035 0.0 0.0
0.045 0.0 0.0
0.055 0.0 0.0
0.065 0.0 0.0
0.075 0.0 0.0
0.085 0.0 0.0
0.095 0.0 0.0
0.105 0.0 0.0
0.115 0.0 0.0
0.125 0.0 0.0
0.135 0.0 0.0
0.145 0.0 0.0
0.155 0.0 0.0
0.165 0.0 0.0
0.17500000000000002 0.0 0.0
0.185 0.0 0.0
0.195 0.0 0.0
0.20500000000000002 0.0 0.0
0.215 0.0 0.0
0.225 0.0 0.0
0.23500000000000001 0.0 0.0
0.245 0.0 0.0
0.255 0.0 0.0
0.265 0.0 0.0
0.275 0.0 0.0
0.28500000000000003 0.0 0.0
0.295 0.0 0.0
0.305 0.0 0.0
0.315 0.0 0.0
0.325 0.0 0.0
0.335 0.0 0.0
0.34500000000000003 0.0 0.0
0.355 0.0 0.0
0.365 0.0 0.0
0.375 0.0 0.0
0.385 0.0 0.0
0.395 0.0 0.0
0.405 0.0 0.0
0.41500000000000004 0.0 0.0
0.425 0.0 0.0
0.435 0.0 0.0
0.445 0.0 0.0
0.455 0.0 0.0
0.465 0.0 0.0
0.47500000000000003 0.0 0.0
0.485 0.0 0.0
0.495 0.0 0.0
0.505 0.0 0.0
0.515 0.0 0.0
0.525 0.0 0.0
0.535 0.0 0.0
0.545 0.0 0.0
0.555 0.0 0.0
0.5650000000000001 0.0 0.0
0.5750000000000001 0.0 0.0
0.585 0.0 0.0
0.595 0.0 0.0
0.605 0.0 0.0
0.615 0.0 0.0
0.625 0.0 0.0
0.635 0.0 0.0
0.645 0.0 0.0
0.655 0.0 0.0
0.665 0.0 0.0
0.675 0.0 0.0
0.685 0.0 0.0
0.6950000000000001 0.0 0.0
0.705 0.0 0.0
0.715 0.0 0.0
0.725 0.0 0.0
0.735 0.0 0.0
0.745 0.0 0.0
0.755 0.0 0.0
0.765 0.0 0.0
0.775 0.0 0.0
0.785 0.0 0.0
0.795 0.0 0.0
0.805 0.0 0.0
0.8150000000000001 0.0 0.0
0.8250000000000001 0.0 0.0
0.835 0.0 0.0
0.845 0.0 0.0
0.855 0.0 0.0
0.865 0.0 0.0
0.875 0.0 0.0
0.885 0.0 0.0
0.895 0.0 0.0
0.905 0.0 0.0
0.915 0.0 0.0
0.925 0.0 0.0
0.935 0.0 0.0
0.9450000000000001 0.0 0.0
0.9550000000000001 0.0 0.0
0.965 0.0 0.0
0.975 0.0 0.0
0.985 0.0 0.0
0.995 0.0 0.0
1.0050000000000001 0.0 0.0
1.0150000000000001 0.0 0.0
1.025 0.0 0.0
1.035 0.0 0.0
1.045 0.0 0.0
1.055 0.0 0.0
1.065 0.0 0.0
1.075 0.0 0.0
1.085 0.0 0.0
1.095 0.0 0.0
1.105 0.0 0.0
1.115 0.0 0.0
1.125 0.0 0.0
1.135 0.0 0.0
1.145 0.0 0.0
1.155 0.0 0.0
1.165 0.0 0.0
1.175 0.0 0.0
1.185 0.0 0.0
1.195 0.0 0.0
1.205 0.0 0.0
1.215 0.0 0.0
1.225 0.0 0.0
1.235 0.0 0.0
1.245 0.0 0.0
1.2550000000000001 0.0321998913482583 0.00021243826013064954
1.2650000000000001 0.11092485952752668 0.0009559721705879229
1.2750000000000001 0.39776974292544515 0.0036645599872537045
1.285 0.906061599407476 0.009931488661107865
1.295 2.011055731259976 0.024058632959796062
1.305 3.5661247316565166 0.04949811461044134
1.315 5.264474301989975 0.08763078230389293
1.325 7.5685316090545545 0.1432896064581231
1.335 8.778792056610524 0.20882680970842848
1.345 9.52482602506493 0.2810027085878167
1.355 9.854340758699527 0.3567900578894259
1.365 8.274666405949258 0.4213712889691434
1.375 7.437181836338359 0.48026979659036595
1.385 6.061108613874362 0.5289712677253173
1.395 4.847377302443637 0.5684847841096181
1.405 4.03356747398996 0.6018375909501301
1.415 3.7994499461348723 0.6337033299697276
1.425 3.802506333216195 0.6660470550746189
1.435 3.5157235085109537 0.6963726167082692
1.445 3.4004372416391213 0.7261139731265601
1.455 3.311933434961618 0.7554835625896225
1.465 3.296411553892347 0.785118699877848
1.475 3.374248193131124 0.8158691380317595
1.485 2.7770055433462426 0.8415210579425355
1.495 2.376917908362493 0.863773965691221
1.5050000000000001 2.4126084071155023 0.8866641882202985
1.5150000000000001 2.0162769548674904 0.9060491794572203
1.5250000000000001 1.6191958055535924 0.921822720271921
1.5350000000000001 1.571262407869183 0.9373307132614584
1.545 1.1313716296328986 0.9486430506134155
1.555 0.9490748299702096 0.9582558818843274
1.565 0.7661533737846208 0.9661160975091614
1.575 0.6900099568760443 0.9732858887885708
1.585 0.5299238789527825 0.9788623931170004
1.595 0.4734618298999369 0.9839078017951033
1.605 0.35437671859497105 0.987731690477455
1.615 0.26250131496803114 0.9905996069892188
1.625 0.22567004792580828 0.9930957565457539
1.635 0.17548864497915206 0.9950608104519625
1.645 0.10776527919162295 0.9962823304477136
1.655 0.05091896084708099 0.9968665356630729
1.665 0.054882720289172966 0.9975038504434649
1.675 0.06326758938965558 0.9982473843539221
1.685 0.03125943465570459 0.9986191513091508
1.695 0.03530477813452787 0.9990440278294122
1.705 0.03489186148757729 0.9994689043496734
1.715 0.008621536691504405 0.9995751234797388
1.725 0.008521866863617467 0.999681342609804
1.735 0.0 0.999681342609804
1.745 0.0 0.999681342609804
1.7550000000000001 0.008233011905155517 0.9997875617398694
1.7650000000000001 0.0040699922587301 0.9998406713049021
1.7750000000000001 0.0 0.9998406713049021
1.7850000000000001 0.00397929913611827 0.9998937808699347
1.795 0.007870170317380054 1.0
1.805 0.0 1.0
1.815 0.0 1.0
1.825 0.0 1.0
1.835 0.0 1.0
1.845 0.0 1.0
1.855 0.0 1.0
1.865 0.0 1.0
1.875 0.0 1.0
1.885 0.0 1.0
1.895 0.0 1.0
1.905 0.0 1.0
1.915 0.0 1.0
1.925 0.0 1.0
1.935 0.0 1.0
1.945 0.0 1.0
1.955 0.0 1.0
1.965 0.0 1.0
1.975 0.0 1.0
1.985 0.0 1.0
1.995 0.0 1.0
2.005 0.0 1.0
2.015 0.0 1.0
2.025 0.0 1.0
2.035 0.0 1.0
2.045 0.0 1.0
2.055 0.0 1.0
2.065 0.0 1.0
2.075 0.0 1.0
2.085 0.0 1.0
2.095 0.0 1.0
2.105 0.0 1.0
2.115 0.0 1.0
2.125 0.0 1.0
2.1350000000000002 0.0 1.0
2.145 0.0 1.0
2.1550000000000002 0.0 1.0
2.165 0.0 1.0
2.1750000000000003 0.0 1.0
2.185 0.0 1.0
2.195 0.0 1.0
2.205 0.0 1.0
2.215 0.0 1.0
2.225 0.0 1.0
2.235 0.0 1.0
2.245 0.0 1.0
2.255 0.0 1.0
2.265 0.0 1.0
2.275 0.0 1.0
2.285 0.0 1.0
2.295 0.0 1.0
2.305 0.0 1.0
2.315 0.0 1.0
2.325 0.0 1.0
2.335 0.0 1.0
2.345 0.0 1.0
2.355 0.0 1.0
2.365 0.0 1.0
2.375 0.0 1.0
2.3850000000000002 0.0 1.0
2.395 0.0 1.0
2.4050000000000002 0.0 1.0
2.415 0.0 1.0
2.4250000000000003 0.0 1.0
2.435 0.0 1.0
2.445 0.0 1.0
2.455 0.0 1.0
2.465 0.0 1.0
2.475 0.0 1.0
2.485 0.0 1.0
2.495 0.0 1.0
2.505 0.0 1.0
2.515 0.0 1.0
2.525 0.0 1.0
2.535 0.0 1.0
2.545 0.0 1.0
2.555 0.0 1.0
2.565 0.0 1.0
2.575 0.0 1.0
2.585 0.0 1.0
2.595 0.0 1.0
2.605 0.0 1.0
2.615 0.0 1.0
2.625 0.0 1.0
2.6350000000000002 0.0 1.0
2.645 0.0 1.0
2.6550000000000002 0.0 1.0
2.665 0.0 1.0
2.6750000000000003 0.0 1.0
2.685 0.0 1.0
2.695 0.0 1.0
2.705 0.0 1.0
2.715 0.0 1.0
2.725 0.0 1.0
2.735 0.0 1.0
2.745 0.0 1.0
2.755 0.0 1.0
2.765 0.0 1.0
2.775 0.0 1.0
2.785 0.0 1.0
2.795 0.0 1.0
2.805 0.0 1.0
2.815 0.0 1.0
2.825 0.0 1.0
2.835 0.0 1.0
2.845 0.0 1.0
2.855 0.0 1.0
2.865 0.0 1.0
2.875 0.0 1.0
2.8850000000000002 0.0 1.0
2.895 0.0 1.0
2.9050000000000002 0.0 1.0
2.915 0.0 1.0
2.9250000000000003 0.0 1.0
2.935 0.0 1.0
2.945 0.0 1.0
2.955 0.0 1.0
2.965 0.0 1.0
2.975 0.0 1.0
2.985 0.0 1.0
2.995 0.0 1.0
3.005 0.0 1.0
3.015 0.0 1.0
3.025 0.0 1.0
3.035 0.0 1.0
3.045 0.0 1.0
3.055 0.0 1.0
3.065 0.0 1.0
3.075 0.0 1.0
3.085 0.0 1.0
3.095 0.0 1.0
3.105 0.0 1.0
3.115 0.0 1.0
3.125 0.0 1.0
3.1350000000000002 0.0 1.0
3.145 0.0 1.0
3.1550000000000002 0.0 1.0
3.165 0.0 1.0
3.1750000000000003 0.0 1.0
3.185 0.0 1.0
3.1950000000000003 0.0 1.0
3.205 0.0 1.0
3.215 0.0 1.0
3.225 0.0 1.0
3.235 0.0 1.0
3.245 0.0 1.0
3.255 0.0 1.0
3.265 0.0 1.0
3.275 0.0 1.0
3.285 0.0 1.0
3.295 0.0 1.0
3.305 0.0 1.0
3.315 0.0 1.0
3.325 0.0 1.0
3.335 0.0 1.0
3.345 0.0 1.0
3.355 0.0 1.0
3.365 0.0 1.0
3.375 0.0 1.0
3.3850000000000002 0.0 1.0
3.395 0.0 1.0
3.4050000000000002 0.0 1.0
3.415 0.0 1.0
3.4250000000000003 0.0 1.0
3.435 0.0 1.0
3.4450000000000003 0.0 1.0
3.455 0.0 1.0
3.465 0.0 1.0
3.475 0.0 1.0
3.485 0.0 1.0
3.495 0.0 1.0
3.505 0.0 1.0
3.515 0.0 1.0
3.525 0.0 1.0
3.535 0.0 1.0
3.545 0.0 1.0
3.555 0.0 1.0
3.565 0.0 1.0
3.575 0.0 1.0
3.585 0.0 1.0
3.595 0.0 1.0
3.605 0.0 1.0
3.615 0.0 1.0
3.625 0.0 1.0
3.6350000000000002 0.0 1.0
3.645 0.0 1.0
3.6550000000000002 0.0 1.0
3.665 0.0 1.0
3.6750000000000003 0.0 1.0
3.685 0.0 1.0
3.6950000000000003 0.0 1.0
3.705 0.0 1.0
3.715 0.0 1.0
3.725 0.0 1.0
3.735 0.0 1.0
3.745 0.0 1.0
3.755 0.0 1.0
3.765 0.0 1.0
3.775 0.0 1.0
3.785 0.0 1.0
3.795 0.0 1.0
3.805 0.0 1.0
3.815 0.0 1.0
3.825 0.0 1.0
3.835 0.0 1.0
3.845 0.0 1.0
3.855 0.0 1.0
3.865 0.0 1.0
3.875 0.0 1.0
3.8850000000000002 0.0 1.0
3.895 0.0 1.0
3.9050000000000002 0.0 1.0
3.915 0.0 1.0
3.9250000000000003 0.0 1.0
3.935 0.0 1.0
3.9450000000000003 0.0 1.0
3.955 0.0 1.0
3.9650000000000003 0.0 1.0
3.975 0.0 1.0
3.985 0.0 1.0
3.995 0.0 1.0
4.005 0.0 1.0
4.015 0.0 1.0
4.025 0.0 1.0
4.035 0.0 1.0
4.045 0.0 1.0
4.055 0.0 1.0
4.065 0.0 1.0
4.075 0.0 1.0
4.085 0.0 1.0
4.095 0.0 1.0
4.105 0.0 1.0
4.115 0.0 1.0
4.125 0.0 1.0
4.135 0.0 1.0
4.1450000000000005 0.0 1.0
4.155 0.0 1.0
4.165 0.0 1.0
4.175 0.0 1.0
4.1850000000000005 0.0 1.0
4.195 0.0 1.0
4.205 0.0 1.0
4.215 0.0 1.0
4.225 0.0 1.0
4.235 0.0 1.0
4.245 0.0 1.0
4.255 0.0 1.0
4.265 0.0 1.0
4.275 0.0 1.0
4.285 0.0 1.0
4.295 0.0 1.0
4.305 0.0 1.0
4.315 0.0 1.0
4.325 0.0 1.0
4.335 0.0 1.0
4.345 0.0 1.0
4.355 0.0 1.0
4.365 0.0 1.0
4.375 0.0 1.0
4.385 0.0 1.0
4.3950000000000005 0.0 1.0
4.405 0.0 1.0
4.415 0.0 1.0
4.425 0.0 1.0
4.4350000000000005 0.0 1.0
4.445 0.0 1.0
4.455 0.0 1.0
4.465 0.0 1.0
4.4750000000000005 0.0 1.0
4.485 0.0 1.0
4.495 0.0 1.0
4.505 0.0 1.0
4.515 0.0 1.0
4.525 0.0 1.0
4.535 0.0 1.0
4.545 0.0 1.0
4.555 0.0 1.0
4.565 0.0 1.0
4.575 0.0 1.0
4.585 0.0 1.0
4.595 0.0 1.0
4.605 0.0 1.0
4.615 0.0 1.0
4.625 0.0 1.0
4.635 0.0 1.0
4.6450000000000005 0.0 1.0
4.655 0.0 1.0
4.665 0.0 1.0
4.675 0.0 1.0
4.6850000000000005 0.0 1.0
4.695 0.0 1.0
4.705 0.0 1.0
4.715 0.0 1.0
4.7250000000000005 0.0 1.0
4.735 0.0 1.0
4.745 0.0 1.0
4.755 0.0 1.0
4.765 0.0 1.0
4.775 0.0 1.0
4.785 0.0 1.0
4.795 0.0 1.0
4.805 0.0 1.0
4.815 0.0 1.0
4.825 0.0 1.0
4.835 0.0 1.0
4.845 0.0 1.0
4.855 0.0 1.0
4.865 0.0 1.0
4.875 0.0 1.0
4.885 0.0 1.0
4.8950000000000005 0.0 1.0
4.905 0.0 1.0
4.915 0.0 1.0
4.925 0.0 1.0
4.9350000000000005 0.0 1.0
4.945 0.0 1.0
4.955 0.0 1.0
4.965 0.0 1.0
4.9750000000000005 0.0 1.0
4.985 0.0 1.0
4.995 0.0 1.0
5.005 0.0 1.0
5.015 0.0 1.0
5.025 0.0 1.0
5.035 0.0 1.0
5.045 0.0 1.0
5.055 0.0 1.0
5.065 0.0 1.0
5.075 0.0 1.0
5.085 0.0 1.0
5.095 0.0 1.0
5.105 0.0 1.0
5.115 0.0 1.0
5.125 0.0 1.0
5.135 0.0 1.0
5.1450000000000005 0.0 1.0
5.155 0.0 1.0
5.165 0.0 1.0
5.175 0.0 1.0
5.1850000000000005 0.0 1.0
5.195 0.0 1.0
5.205 0.0 1.0
5.215 0.0 1.0
5.2250000000000005 0.0 1.0
5.235 0.0 1.0
5.245 0.0 1.0
5.255 0.0 1.0
5.265 0.0 1.0
5.275 0.0 1.0
5.285 0.0 1.0
5.295 0.0 1.0
5.305 0.0 1.0
5.315 0.0 1.0
5.325 0.0 1.0
5.335 0.0 1.0
5.345 0.0 1.0
5.355 0.0 1.0
5.365 0.0 1.0
5.375 0.0 1.0
5.385 0.0 1.0
5.3950000000000005 0.0 1.0
5.405 0.0 1.0
5.415 0.0 1.0
5.425 0.0 1.0
5.4350000000000005 0.0 1.0
5.445 0.0 1.0
5.455 0.0 1.0
5.465 0.0 1.0
5.4750000000000005 0.0 1.0
5.485 0.0 1.0
5.495 0.0 1.0
5.505 0.0 1.0
5.515 0.0 1.0
5.525 0.0 1.0
5.535 0.0 1.0
5.545 0.0 1.0
5.555 0.0 1.0
5.565 0.0 1.0
5.575 0.0 1.0
5.585 0.0 1.0
5.595 0.0 1.0
5.605 0.0 1.0
5.615 0.0 1.0
5.625 0.0 1.0
5.635 0.0 1.0
5.6450000000000005 0.0 1.0
5.655 0.0 1.0
5.665 0.0 1.0
5.675 0.0 1.0
5.6850000000000005 0.0 1.0
5.695 0.0 1.0
5.705 0.0 1.0
5.715 0.0 1.0
5.7250000000000005 0.0 1.0
5.735 0.0 1.0
5.745 0.0 1.0
5.755 0.0 1.0
5.765 0.0 1.0
5.775 0.0 1.0
5.785 0.0 1.0
5.795 0.0 1.0
5.805 0.0 1.0
5.815 0.0 1.0
5.825 0.0 1.0
5.835 0.0 1.0
5.845 0.0 1.0
5.855 0.0 1.0
5.865 0.0 1.0
5.875 0.0 1.0
5.885 0.0 1.0
5.8950000000000005 0.0 1.0
5.905 0.0 1.0
5.915 0.0 1.0
5.925 0.0 1.0
5.9350000000000005 0.0 1.0
5.945 0.0 1.0
5.955 0.0 1.0
5.965 0.0 1.0
5.9750000000000005 0.0 1.0
5.985 0.0 1.0
5.995 0.0 1.0
6.005 0.0 1.0
6.015000000000001 0.0 1.0
6.025 0.0 1.0
6.035 0.0 1.0
6.045 0.0 1.0
6.055 0.0 1.0
6.065 0.0 1.0
6.075 0.0 1.0
6.085 0.0 1.0
6.095 0.0 1.0
6.105 0.0 1.0
6.115 0.0 1.0
6.125 0.0 1.0
6.135 0.0 1.0
6.1450000000000005 0.0 1.0
6.155 0.0 1.0
6.165 0.0 1.0
6.175 0.0 1.0
6.1850000000000005 0.0 1.0
6.195 0.0 1.0
6.205 0.0 1.0
6.215 0.0 1.0
6.2250000000000005 0.0 1.0
6.235 0.0 1.0
6.245 0.0 1.0
6.255 0.0 1.0
6.265000000000001 0.0 1.0
6.275 0.0 1.0
6.285 0.0 1.0
6.295 0.0 1.0
6.305 0.0 1.0
6.315 0.0 1.0
6.325 0.0 1.0
6.335 0.0 1.0
6.345 0.0 1.0
6.355 0.0 1.0
6.365 0.0 1.0
6.375 0.0 1.0
6.385 0.0 1.0
6.3950000000000005 0.0 1.0
6.405 0.0 1.0
6.415 0.0 1.0
6.425 0.0 1.0
6.4350000000000005 0.0 1.0
6.445 0.0 1.0
6.455 0.0 1.0
6.465 0.0 1.0
6.4750000000000005 0.0 1.0
6.485 0.0 1.0
6.495 0.0 1.0
6.505 0.0 1.0
6.515000000000001 0.0 1.0
6.525 0.0 1.0
6.535 0.0 1.0
6.545 0.0 1.0
6.555 0.0 1.0
6.565 0.0 1.0
6.575 0.0 1.0
6.585 0.0 1.0
6.595 0.0 1.0
6.605 0.0 1.0
6.615 0.0 1.0
6.625 0.0 1.0
6.635 0.0 1.0
6.6450000000000005 0.0 1.0
6.655 0.0 1.0
6.665 0.0 1.0
6.675 0.0 1.0
6.6850000000000005 0.0 1.0
6.695 0.0 1.0
6.705 0.0 1.0
6.715 0.0 1.0
6.7250000000000005 0.0 1.0
6.735 0.0 1.0
6.745 0.0 1.0
6.755 0.0 1.0
6.765000000000001 0.0 1.0
6.775 0.0 1.0
6.785 0.0 1.0
6.795 0.0 1.0
6.805 0.0 1.0
6.815 0.0 1.0
6.825 0.0 1.0
6.835 0.0 1.0
6.845 0.0 1.0
6.855 0.0 1.0
6.865 0.0 1.0
6.875 0.0 1.0
6.885 0.0 1.0
6.8950000000000005 0.0 1.0
6.905 0.0 1.0
6.915 0.0 1.0
6.925 0.0 1.0
6.9350000000000005 0.0 1.0
6.945 0.0 1.0
6.955 0.0 1.0
6.965 0.0 1.0
6.9750000000000005 0.0 1.0
6.985 0.0 1.0
6.995 0.0 1.0
7.005 0.0 1.0
7.015000000000001 0.0 1.0
7.025 0.0 1.0
7.035 0.0 1.0
7.045 0.0 1.0
7.055 0.0 1.0
7.065 0.0 1.0
7.075 0.0 1.0
7.085 0.0 1.0
7.095 0.0 1.0
7.105 0.0 1.0
7.115 0.0 1.0
7.125 0.0 1.0
7.135 0.0 1.0
7.1450000000000005 0.0 1.0
7.155 0.0 1.0
7.165 0.0 1.0
7.175 0.0 1.0
7.1850000000000005 0.0 1.0
7.195 0.0 1.0
7.205 0.0 1.0
7.215 0.0 1.0
7.2250000000000005 0.0 1.0
7.235 0.0 1.0
7.245 0.0 1.0
7.255 0.0 1.0
7.265000000000001 0.0 1.0
7.275 0.0 1.0
7.285 0.0 1.0
7.295 0.0 1.0
7.305 0.0 1.0
7.315 0.0 1.0
7.325 0.0 1.0
7.335 0.0 1.0
7.345 0.0 1.0
7.355 0.0 1.0
7.365 0.0 1.0
7.375 0.0 1.0
7.385 0.0 1.0
7.3950000000000005 0.0 1.0
7.405 0.0 1.0
7.415 0.0 1.0
7.425 0.0 1.0
7.4350000000000005 0.0 1.0
7.445 0.0 1.0
7.455 0.0 1.0
7.465 0.0 1.0
7.4750000000000005 0.0 1.0
7.485 0.0 1.0
7.495 0.0 1.0
7.505 0.0 1.0
7.515000000000001 0.0 1.0
7.525 0.0 1.0
7.535 0.0 1.0
7.545 0.0 1.0
7.555 0.0 1.0
7.565 0.0 1.0
7.575 0.0 1.0
7.585 0.0 1.0
7.595 0.0 1.0
7.605 0.0 1.0
7.615 0.0 1.0
7.625 0.0 1.0
7.635 0.0 1.0
7.6450000000000005 0.0 1.0
7.655 0.0 1.0
7.665 0.0 1.0
7.675 0.0 1.0
7.6850000000000005 0.0 1.0
7.695 0.0 1.0
7.705 0.0 1.0
7.715 0.0 1.0
7.7250000000000005 0.0 1.0
7.735 0.0 1.0
7.745 0.0 1.0
7.755 0.0 1.0
7.765000000000001 0.0 1.0
7.775 0.0 1.0
7.785 0.0 1.0
7.795 0.0 1.0
7.805000000000001 0.0 1.0
7.815 0.0 1.0
7.825 0.0 1.0
7.835 0.0 1.0
7.845 0.0 1.0
7.855 0.0 1.0
7.865 0.0 1.0
7.875 0.0 1.0
7.885 0.0 1.0
7.8950000000000005 0.0 1.0
7.905 0.0 1.0
7.915 0.0 1.0
7.925 0.0 1.0
7.9350000000000005 0.0 1.0
7.945 0.0 1.0
7.955 0.0 1.0
7.965 0.0 1.0
7.9750000000000005 0.0 1.0
7.985 0.0 1.0
7.995 0.0 1.0
8.005 0.0 1.0
8.015 0.0 1.0
8.025 0.0 1.0
8.035 0.0 1.0
8.045 0.0 1.0
8.055 0.0 1.0
8.065 0.0 1.0
8.075 0.0 1.0
8.085 0.0 1.0
8.095 0.0 1.0
8.105 0.0 1.0
8.115 0.0 1.0
8.125 0.0 1.0
8.135 0.0 1.0
8.145 0.0 1.0
8.155 0.0 1.0
8.165000000000001 0.0 1.0
8.175 0.0 1.0
8.185 0.0 1.0
8.195 0.0 1.0
8.205 0.0 1.0
8.215 0.0 1.0
8.225 0.0 1.0
8.235 0.0 1.0
8.245000000000001 0.0 1.0
8.255 0.0 1.0
8.265 0.0 1.0
8.275 0.0 1.0
8.285 0.0 1.0
8.295 0.0 1.0
8.305 0.0 1.0
8.315 0.0 1.0
8.325 0.0 1.0
8.335 0.0 1.0
8.345 0.0 1.0
8.355 0.0 1.0
8.365 0.0 1.0
8.375 0.0 1.0
8.385 0.0 1.0
8.395 0.0 1.0
8.405 0.0 1.0
8.415000000000001 0.0 1.0
8.425 0.0 1.0
8.435 0.0 1.0
8.445 0.0 1.0
8.455 0.0 1.0
8.465 0.0 1.0
8.475 0.0 1.0
8.485 0.0 1.0
8.495000000000001 0.0 1.0
8.505 0.0 1.0
8.515 0.0 1.0
8.525 0.0 1.0
8.535 0.0 1.0
8.545 0.0 1.0
8.555 0.0 1.0
8.565 0.0 1.0
8.575000000000001 0.0 1.0
8.585 0.0 1.0
8.595 0.0 1.0
8.605 0.0 1.0
8.615 0.0 1.0
8.625 0.0 1.0
8.635 0.0 1.0
8.645 0.0 1.0
8.655 0.0 1.0
8.665000000000001 0.0 1.0
8.675 0.0 1.0
8.685 0.0 1.0
8.695 0.0 1.0
8.705 0.0 1.0
8.715 0.0 1.0
8.725 0.0 1.0
8.735 0.0 1.0
8.745000000000001 0.0 1.0
8.755 0.0 1.0
8.765 0.0 1.0
8.775 0.0 1.0
8.785 0.0 1.0
8.795 0.0 1.0
8.805 0.0 1.0
8.815 0.0 1.0
8.825000000000001 0.0 1.0
8.835 0.0 1.0
8.845 0.0 1.0
8.855 0.0 1.0
8.865 0.0 1.0
8.875 0.0 1.0
8.885 0.0 1.0
8.895 0.0 1.0
8.905 0.0 1.0
8.915000000000001 0.0 1.0
8.925 0.0 1.0
8.935 0.0 1.0
8.945 0.0 1.0
8.955 0.0 1.0
8.965 0.0 1.0
8.975 0.0 1.0
8.985 0.0 1.0
8.995000000000001 0.0 1.0
9.005 0.0 1.0
9.015 0.0 1.0
9.025 0.0 1.0
9.035 0.0 1.0
9.045 0.0 1.0
9.055 0.0 1.0
9.065 0.0 1.0
9.075000000000001 0.0 1.0
9.085 0.0 1.0
9.095 0.0 1.0
9.105 0.0 1.0
9.115 0.0 1.0
9.125 0.0 1.0
9.135 0.0 1.0
9.145 0.0 1.0
9.155 0.0 1.0
9.165000000000001 0.0 1.0
9.175 0.0 1.0
9.185 0.0 1.0
9.195 0.0 1.0
9.205 0.0 1.0
9.215 0.0 1.0
9.225 0.0 1.0
9.235 0.0 1.0
9.245000000000001 0.0 1.0
9.255 0.0 1.0
9.265 0.0 1.0
9.275 0.0 1.0
9.285 0.0 1.0
9.295 0.0 1.0
9.305 0.0 1.0
9.315 0.0 1.0
9.325000000000001 0.0 1.0
9.335 0.0 1.0
9.345 0.0 1.0
9.355 0.0 1.0
9.365 0.0 1.0
9.375 0.0 1.0
9.385 0.0 1.0
9.395 0.0 1.0
9.405 0.0 1.0
9.415000000000001 0.0 1.0
9.425 0.0 1.0
9.435 0.0 1.0
9.445 0.0 1.0
9.455 0.0 1.0
9.465 0.0 1.0
9.475 0.0 1.0
9.485 0.0 1.0
9.495000000000001 0.0 1.0
9.505 0.0 1.0
9.515 0.0 1.0
9.525 0.0 1.0
9.535 0.0 1.0
9.545 0.0 1.0
9.555 0.0 1.0
9.565 0.0 1.0
9.575000000000001 0.0 1.0
9.585 0.0 1.0
9.595 0.0 1.0
9.605 0.0 1.0
9.615 0.0 1.0
9.625 0.0 1.0
9.635 0.0 1.0
9.645 0.0 1.0
9.655 0.0 1.0
9.665000000000001 0.0 1.0
9.675 0.0 1.0
9.685 0.0 1.0
9.695 0.0 1.0
9.705 0.0 1.0
9.715 0.0 1.0
9.725 0.0 1.0
9.735 0.0 1.0
9.745000000000001 0.0 1.0
9.755 0.0 1.0
9.765 0.0 1.0
9.775 0.0 1.0
9.785 0.0 1.0
9.795 0.0 1.0
9.805 0.0 1.0
9.815 0.0 1.0
9.825000000000001 0.0 1.0
9.835 0.0 1.0
9.845 0.0 1.0
9.855 0.0 1.0
9.865 0.0 1.0
9.875 0.0 1.0
9.885 0.0 1.0
9.895 0.0 1.0
9.905 0.0 1.0
9.915000000000001 0.0 1.0
9.925 0.0 1.0
9.935 0.0 1.0
9.945 0.0 1.0
9.955 0.0 1.0
9.965 0.0 1.0
9.975 0.0 1.0
9.985 0.0 1.0
9.995000000000001 0.0 1.0
10.005 0.0 1.0
